000100260700030000302080400000408001035000940200305000006050709000040008057009000
008090000070000280064100309000805900500000001009304000802007560097000010000060700
000702000100040007630000094470801062000000000580209013860000075900060008000908000
007238000060700050000400002900000867100000003648000005700003000020005030000174900
507000009080002170010060004090030000001709300000040060800050020076200090400000608
009700000500002709800010006001600405000040000706008200400090008602300004000007900
009000064400000000100360072004600009000903000200005400920057008000000005340000600
030008005005000807000040900000390400059070210002065000007050000501000700600900020
302700009008000045004001300000059000090030060000260000001400200260000100400002503
095008000002006700040000005050020007060050020400070080200000040006100300000300250
003000400007208500800030007200703004005000800700501009100040002006809700004000900
000009752090000000140800009009502006000308000700104500600003025000000010524600000
120000008006009040000005006050070310000504000074030060600700000040600500900000037
200000007007610000009007260004060070050409030020070500086700900000084300400000008
000000000500009062870050030100040520300906001084020003010060047740800009000000000
000900500030050010002007000100070000070010260800406000000805002085020030000040009
470302000006050200000104069000008500031000000800001004600200003000000820007900000
098100000000649000000002310020007000306020000009060008800070500000050207000300040
030005000098000530000900060000030001000750080207001600003600204070049000400010000
001000500590000064008000200010380000230400000800010090040020007000005026000071030
000008031000174000820600000000900006003040010000060240069050000050090300700002000
400800030502000904070003001005089400000030020000200070090002000010050000006910800
000700001002080600800003000010805000030040000006010508109020700000070020000904050
000800000104765209000001000008000050090030600300900400001008002007020090060000100
000000900097040520004000000060070050000010003509280000000025306700090000040030010
105300000090080010000001506079008000600500000000096008700210000000009007000600450
500170080000000000020095004169700000000000506804000100002000607603000000000006432
007000002900308006300000800250790100000000000400002950061800003000000000002074081
100006000000201000000400009090800105046000908000003007900500000208000570603004090
080001000002000700000300090020000400000504100450000307907000083008602000003000010
970000000305942100200003060780090000000000000000020041010600004003154208000000013
300250107000100026000003400000000070048000950010000000004700000250009000807025009
029000010500019043000003000080005000054030870000600030000800000490350008030000120
905000100400000870000504000809401500000030000001906704000703000057000002006000307
050008020009010800000500001004030190500020007038040500800006000002090400040200010
400300200000100840500070100051007000300060001000900780005040006042009000009002004
800050060300000402050000010004601007000405000700809200040000090105000008070080004
900300652002050000054600017000000090001070800080000000860005420000060700523009006
500000030006000200800050967100008000007491300000700008679030002008000400010000003
080002000000960708000074000100000089070416020520000006000740000706058000000600030
310007002000005831600000500000000010809030705020000000003000009187600000900400078
021030400000000000073100520000013000400506008000790000017002840000000000004080230
125000600000460091000100003000500000608000307000004000500007000890041000004000718
010584060400200000200001000900610000002070600000035008000100009000006003030749080
100040002000017080000900046004320600000000000009078200850004000090780000200050004
040070000700800300050030008070100002003258900500007010400010070005002009000080050
065070900000004503070000000720010090004000800090080012000000020207800000003050760
020090080045600900300040600000500000102060803000002000003050006006009410090010070
001800060000400700060000001005020910023090470096030500900000020004007000010009600
070000090010800030036000150001402003000030000700506900057000640080004070020000080

















