0302041342003024
1003320000120104
1000023031042013
0132301023000420
4320103020130102
0010042331004001
1040302140000314
4000014030101402
1032004001202304
2041003002033100
1003400231200430
1000031230202401
4032230102141400
3002041313200201
2410034231000031
3010023420404103
3004241002300042
0230302404031042
3140000310040321
0430230102100024
3200043201032010
0201400223100403
1020023030420403
3020010302044310
4203014013000031
0243302041020304
1032200401030240
0102031000433420
0100201430410402
0302103421003020
1042003031200200
3001013020100423
4010130201040420
0324001031024031
3201402304302010
4002231010430401
2013130002004002
0003031004012130
0030031402004023
0102043013044010
0010213000010423
0304102000414130
2001012002434010
1300203102044023
2030040143101003
0234302003002140
0031104042030124
1040020104003024
3102003010000413
0100001303422030