509004010600802005040300607004007900060920030900040070050010003090085020001200400
070016090000000000090730060032000007900420103000001009300800000805097001700000580
800400520005901600063007004300040200020300040700092006900510002040009080007080005
026100400507534102001005970000056219000001000000000703309000000000500000165240000
006850009002501500500074200300060000020310000840709600009007036000593070000080005
600000002040806030100000007091602700080190200502300000000004305005039020009508170
010500003095000270700001060600050080000009000830600105908005046000700000060030002
030040700690708034001090050300060517000000006060502090010903070900000000853020001
000000076680000054530000000059086000106003000000002409403200000000700503000630840
000000548500000002847000000000025009010089304050000800209000010005810060100790000
007000900200507006080104070040010030601000809090080060050809010010603002006000300
070103060050000070300050001500304008407000102900702004200070003030000040060509020
000013400080006950650000000960201000100070002000304016000000079025800040009760000
001090270009002050200003000300014002080000040100280005000900007010300900046070500
000409000080020700020507106300800060760000031010006002205908040009070010000605000
000000945006000000520103807090310000003080100000046020705208019000000300861000000
200700050000048006000002309900600240070020080025001003804900000600480000090003008
065000300200067900040300001006050004000402000700080100600004010008570006001000830
027900000050002084008000207070030006000817000300040020106000800240600010000005640
900278100001030249003000000030800000007000500000004030000000300578040900004516007
006007009800030100900605030003000018000901000210000600060703001009020004700800500
470108029000000000006927100090601030300000004040709080004875300000000000580403097
050801090730000054800030001008302100000000000006704500100050009380000012040608030
653000700000009000804050003900017300005030800007290005400070206000800000006000157
010000060300000009250400300470310000020070040000046078003008057800000004060000010
024861000170020005000000000701003080900050004080900501000000000300080017000692450
001309700700000006560000018040693070000050000070482050630000081200000009004901300
008600002390002000004370000003000810602010304015000200000063700000500049200008100
100900670000400013090020000000572030300000005020394000000040020260005000085003009
000000004028750030031002000650237000000090000000681059000900860090024310500000000
300800401005900080800250937001072300200000009008510700482093005050008100703005004
060000450054308600307450000000004596520000048489700000000042907001507320042000010
030090510509130700000640030850002090470000025090300076080021000002083107014070080
090400060408107009006300210040701653000000000683205070037004100200603807060009020
000560004569003208004270010020000350008010400073000060040021700107400582200095000
000002000910800304030000008008401900000706000006305700100000040605003072000200000
040500000000400273360000100090045320104080705082630010003000087915004000000002040
000635000402100000705000000083904000120070034000302960000000305000003207000528000
700250010801700002000031760008100090040080070070005800015420000900006201030018005
000093870901780000300400020500040760270506089018020003040005008000079504035210000
500230708708040210006700000070900850065000320023004070000009100057080402104072005
038000400005160003620380500054800017000090000190007850003058094500043600006000730
100032007000000300304005000009000014500407008640000500000900403007000000400350001
000103420417000693800040000520700800001050200006009071000010004169000785048605000
030007051000005206470060003040800610816000324023004090200090047107500000390100060
051600080608000003000902061005010604000467000706020100970806000500000206060005740
300000105000106300120340000050401280008000400042503070000054018001802000507000004
020006000074500600016780002058400000007201800000005490100098750009002340000600010
543090008000002104060004003021050000700208005000040810200400070405100000600020549
