369052478850674931714308265683927154597416820021835697138769042240583719905241306
571983460408627915962105387740219036086374529293850741629038154804502673357461208
069084753587019426230607891691470238752831049348962105405196307913728064876543010
496310025852400319100592486914827003685934072030651804028169547761005038549703201
945207086803691750716048329207810965598370241461925807602153090384760512050482673
208300094507602801130009506070000200000073010810024007300160072040290000001000060
015008409003701200809600370000003004431062790006000010070000800098250146500800000
098000002000000000700000490007490013680153000910200040070008061000961024140025900
000057402607000105305460000002004013400583009030910000000098050500236001160700300
200084073570000046480650001000900050940375000005020087150030700000761025060009000
001060902000870003267039800300607100070000090006501004004250369500016000608040200
170058609000000001500630000700506800809010705006804003000049007300000000907260054
000010840700205000900803000065709310200000008073108590000307009000401003034090000
710208060200093007306004000060321070020000080040789050000800602800960004030407098
010038209800052600302900100203000000400217003000000704005006801001890002904720060
000063000029140350050208040405000870290000036037000904080401090074032160000950000
061030020050008107000007034009006378003279500570300902190760000802400760640010250
100830002570001000000509064704008590003010400051400306360704000000600079800052000
030007004602041000050030967040003006087000350900700020718020040000160809400500030
085000210094012003000300704503409000040206030000103907608005000100840360027000890
080001600070400021500396000204050130008907500057030900000563009310002050005800040
012680090600004010805200370000007523000406000381900000054002801070300002030059760
047050008605030201000706030006070024900804006450010900010502000208040503500090710
009001620570028030300700004890070400060503090001090076600007008040130065027600900
301250000060107050000036201000008075937000020650000009200000096070092184480700000
700208603008100500412003790503000087000000000840000109079600845004001900306804001
062059807070620000308000265800000009009801400600000001743000502000043070105290640
600000700930147056007000001096083020080410300000056070020870000001092040070560830
060090405075208930209060080920041800000056040010003600007100090050680000008570062
503012000900000002000370805400001076730458001200600400009003004300986027610700008
040008706803706504602300090020800900109000207000600013290007000401000602008002050
003000250004203100028000900000030509080940070209005086490700601010069020307020000
634007081009041600010603000000520463000000000342069000000806010007490300450300976
000401500079000600300006800140007920060090070057300086001200008006000250004509000
800005400000013000900706380628000930000000000043000258092501003000930000007400009
025700000070000091001920307000090706006503900102060000208079100310000020000002470
065030007020907000000000932006024001001000300500790200718000000000806020600010790
084600200763180009000903000300020008000000000200060001000204000800019742002006390
700093005000000000080000730901586200670000058008712309047000090000000000800230004
028009503040503620000420000006050097009837200270060100000085000064702050807100930
803000607057100090200037058008000010005040900070000300790860005020004860306000701
162030405090000037307006802004902000600000003000503200903600504210000060706050921
020091008019008300000040000006804070480070032070109800000010000003400190100650020
010902000000401302070036000259000074007060200860000195000320040508604000000708010
104850039700000000006021807003060008502903701800070300609240100000000004410096203
007001069600090870005000000364100008700030006500006143000000600073080005950700200
207005000008001705003800000001560003025000870600032500000007900409200100000900207
007040900002000000800605034003060820900578001084010600370206009000003200008090100
096007850000908000000315604000000005130050049700000000902831000000209000081500930
425000007089000020006970000000200064070805030290007000000094500060000340500700982
