563104200056320401016030150603604012
120354503120051402462030030605605043
630204102050016403403500060105301042
620530045601500410402005204150053046
050210203045020300305062130000502431
605140100350516020043001060205002600
305042060513146000000100634051250400
030600164250500024342506051430003100
500210020003002004600300030065065000
025046400500301602602400060105503064
304061600045003052040006400020005600
004000123045006200010000602014300020
350040420105010500030410100050002061
030600006020600105000230400050000002
005006000020416000020010030000000001
001000020001004036602410050103000652
500246000010005060410050040020000001
060004100006401620500301200060640050
300612000300506000412000050030103040
010020030050020400041006452000000000
100005004006000502502300230001060053
060100105400401500002300003040000000
003006600020100300300250401035006102
054010100030500020040650600040002001
000153000400005002006010042300630240
000300520010060502000061600040002156
210003006001000036000010300024100000
030001100360060015004023000206620000
014060000300030500200006100002402000
050030020006300005200300140000000002
000104000020040006350010000603500000
005400000062020000003004041050300100
000100600040000000003001052004004030
400063006050000004500002300000001000
001006500200216000000000052040040000
001000000000030001004020050300200004
000000100053000060000002020600004010
020300001000150003000000630400200000
000065050203030000100000000500320100
000060400150000000532001000300005000
030201520000200600000010600000000460
003502000000002001000600241000005000
100000400002600200040050003001000500
030200000060000050102000300540060000
000400010560000000465001000000251000
102000060040000013005000000630400002
320000000000001000040005000064010052
060050000000500600002003020000003010
000140600030030500002003040050001000
410060500000004000200006000203000005 